Eigene Lösung, neue Sockets

1: 5.2615384615384615 3.746153846153846 2.669230769230769 1.9846153846153847 2.0307692307692307 2.1769230769230767 1.6615384615384616 2.046153846153846 2.2846153846153845 1.8384615384615384
2: 5.130769230769231 2.9 2.6615384615384614 1.9692307692307693 2.0923076923076924 1.9461538461538461 1.5307692307692307 2.0307692307692307 1.8307692307692307 1.1538461538461537
3: 5.9 3.5153846153846153 2.8615384615384616 2.353846153846154 2.1615384615384614 2.8076923076923075 2.730769230769231 1.9307692307692308 1.676923076923077 1.8076923076923077
4: 6.846153846153846 3.0923076923076924 2.9461538461538463 2.6076923076923078 2.230769230769231 2.0615384615384613 1.8923076923076922 1.7538461538461538 1.7384615384615385 2.0153846153846153
5: 6.2 3.5076923076923077 2.5692307692307694 2.3615384615384616 3.0384615384615383 2.3615384615384616 2.3846153846153846 2.4307692307692306 1.7230769230769232 1.7538461538461538
10: 6.384615384615385 3.753846153846154 3.1076923076923078 2.9923076923076923 3.253846153846154 2.5076923076923077 2.1769230769230767 1.676923076923077 1.7076923076923076 1.7230769230769232


Eigene Lösung, set TcpNoDelay true

1: 4.892307692307693 3.2846153846153845 2.7153846153846155 2.0307692307692307 2.169230769230769 2.3076923076923075 1.823076923076923 2.0307692307692307 2.0 1.853846153846154
2: 5.130769230769231 3.7615384615384615 3.1307692307692307 2.3615384615384616 2.4307692307692306 2.3692307692307693 2.3846153846153846 2.146153846153846 1.8461538461538463 1.4923076923076923 
3: 4.884615384615385 3.1769230769230767 3.0538461538461537 2.8846153846153846 1.9230769230769231 2.7615384615384615 1.9615384615384615 1.7769230769230768 1.4384615384615385 2.0076923076923077
4: 5.046153846153846 3.0 2.5692307692307694 2.253846153846154 1.8923076923076922 2.0846153846153848 2.230769230769231 1.9538461538461538 2.1307692307692307 2.146153846153846
5: 6.076923076923077 3.6076923076923078 2.8846153846153846 2.753846153846154 2.8461538461538463 2.3615384615384616 2.5 2.1384615384615384 1.7307692307692308 1.9615384615384615
10: 6.546153846153846 3.6615384615384614 3.123076923076923 3.207692307692308 2.1846153846153844 2.0307692307692307 1.8923076923076922 1.646153846153846 1.8 1.7769230769230768


Eigene Lösung, bestehende Socket

1: 3.376923076923077, 2.853846153846154, 2.230769230769231, 2.4615384615384617, 1.8461538461538463, 1.7384615384615385, 1.9846153846153847, 1.476923076923077, 1.5, 1.6307692307692307
2: 3.4615384615384617, 2.4846153846153847, 2.3076923076923075, 2.023076923076923, 1.876923076923077, 1.6076923076923078, 1.5307692307692307, 1.523076923076923, 1.5, 1.2230769230769232
3: 2.8153846153846156, 2.146153846153846, 2.8, 2.023076923076923, 1.823076923076923, 1.5769230769230769, 1.9615384615384615, 1.6538461538461537, 1.5076923076923077, 1.476923076923077
4: 3.6538461538461537, 2.523076923076923, 2.3923076923076922, 2.0846153846153848, 1.9307692307692308, 1.8076923076923077, 2.0615384615384613, 1.7769230769230768, 1.8307692307692307, 1.5153846153846153
5: 4.569230769230769, 3.2, 2.5923076923076924, 2.1076923076923078, 1.7307692307692308, 1.7076923076923076, 1.5153846153846153, 1.6538461538461537, 1.6538461538461537, 1.6384615384615384
10: 3.223076923076923, 2.3230769230769233, 3.0923076923076924, 2.207692307692308, 1.8923076923076922, 1.8153846153846154, 1.6923076923076923, 1.7769230769230768, 1.9076923076923078, 1.6923076923076923
